0 0
10000 0.00390615
20000 2.00015
30000 1.49999
40000 1.16679
50000 1.1248
60000 0.99999
70000 1.00005
80000 1.08327
90000 0.714261
100000 1.00003
110000 1
120000 1.00002
130000 0.999967
140000 0.882396
150000 0.882371
160000 0.941102
170000 1.00002
180000 1.00001
190000 0.899908
200000 1.00012
210000 0.954492
220000 1.04349
230000 0.961538
240000 0.92606
250000 0.892889
260000 0.964265
270000 0.966666
280000 0.968727
290000 1.32382
300000 0.827056
310000 0.834093
320000 0.874989
330000 0.868407
340000 0.999944
350000 0.165013
360000 1.0909
370000 0.925006
380000 0.975022
390000 0.976135
400000 1.57786
410000 0.89869
420000 0.727277
430000 0.819661
440000 0.796294
450000 0.851089
460000 0.863648
470000 0.928588
480000 0.952373
490000 0.93185
500000 0.977244
510000 0.896116
520000 0.914875
530000 1.34051
540000 1.04289
550000 1.0759
560000 0.947387
570000 0.773232
580000 0.814786
590000 0.916632
600000 1.66197
610000 0.746109
620000 0.695247
630000 0.784855
640000 1.14711
650000 0.873381
660000 0.860576
670000 0.961222
680000 1.32424
690000 1.04153
700000 0.617227
710000 0.901088
720000 1.41838
730000 0.793055
740000 0.755539
750000 0.714407
760000 0.832032
770000 0.903052
780000 2.17408
790000 0.54064
800000 0.749859
810000 1.00984
820000 0.847115
830000 0.909106
840000 0.977263
850000 0.95931
860000 1.23012
870000 1.30243
880000 0.767148
890000 0.721368
900000 1.03149
910000 0.829792
920000 0.875
930000 0.943116
940000 0.893362
950000 1.03306
960000 1.19565
970000 0.858144
980000 1.07622
990000 0.846921
