0 nan
10000 3.5003
20000 1.59976
30000 1.14291
40000 1.09679
50000 1.0238
60000 1
70000 0.949428
80000 0.963676
90000 0.920489
100000 0.938754
110000 0.901807
120000 0.90982
130000 0.911125
140000 0.912752
150000 0.909077
160000 0.881717
170000 0.882696
180000 0.912189
190000 0.941716
200000 0.854622
210000 0.799494
220000 0.879674
230000 1.20636
240000 0.722758
250000 0.896925
260000 0.886437
270000 0.924699
280000 0.90838
290000 0.966048
300000 0.775137
310000 0.894605
320000 0.863792
330000 0.926703
340000 0.873721
350000 0.969423
360000 0.791217
370000 0.784496
380000 0.90853
390000 0.775146
400000 0.872752
410000 1.1799
420000 0.901262
430000 0.645671
440000 0.901079
450000 1.30538
460000 0.683458
470000 0.94248
480000 0.830483
490000 0.885202
500000 0.852563
510000 0.825242
520000 0.848442
530000 0.860541
540000 0.897731
550000 0.920889
560000 0.842866
570000 0.782705
580000 0.854803
590000 0.810996
600000 0.887362
610000 0.839309
620000 1.37733
630000 0.690216
640000 1.18887
650000 0.784891
660000 0.666254
670000 0.925721
680000 0.794651
690000 1.32879
700000 0.540202
710000 0.839549
720000 0.883699
730000 0.902865
740000 0.935237
750000 0.733573
760000 0.952536
770000 0.815291
780000 0.821336
790000 0.862068
800000 0.875511
810000 1.0213
820000 0.790712
830000 0.94978
840000 0.87473
850000 0.778432
860000 1.0498
870000 0.774624
880000 0.942249
890000 0.881355
900000 0.757961
910000 1.05038
920000 0.824449
930000 0.76845
940000 0.975214
950000 0.682999
960000 0.971222
970000 0.899311
980000 1.05456
990000 0.684117
